Test Broad Crested Weir Structure for TUFLOW-FV,,,,,,,,,,,,,,,,,,,,,,,,,,,,,,,,,,,,,,,,,,,,,,,,,,,,,,,,,,,,,,,,,,,,,,,,,,,,,,,,,,,,,,,,,,,,,,,,,,,,,,,,,,,,,,,,,,,,,,,,,,,,,,,,,,,,,,,,,,,,,,,,,,,,,,,,,,,,,,,,,,,,,,,,,,,,,,,,,,,,,,,,,,,,,,,,,,,,,,,,,,,,,,,,,,,,,,,,,,,,,,,,,,,,,,,,,,,,,,,,,,,,,,,,,,,
y2,y1,,,,,,,,,,,,,,,,,,,,,,,,,,,,,,,,,,,,,,,,,,,,,,,,,,,,,,,,,,,,,,,,,,,,,,,,,,,,,,,,,,,,,,,,,,,,,,,,,,,,,,,,,,,,,,,,,,,,,,,,,,,,,,,,,,,,,,,,,,,,,,,,,,,,,,,,,,,,,,,,,,,,,,,,,,,,,,,,,,,,,,,,,,,,,,,,,,,,,,,,,,,,,,,,,,,,,,,,,,,,,,,,,,,,,,,,,,,,,,,,,,,,,,,,,,
5,-1,-0.99,-0.98,-0.97,-0.96,-0.95,-0.94,-0.93,-0.92,-0.91,-0.9,-0.89,-0.88,-0.87,-0.86,-0.85,-0.84,-0.83,-0.82,-0.81,-0.8,-0.79,-0.78,-0.77,-0.76,-0.75,-0.74,-0.73,-0.72,-0.71,-0.7,-0.69,-0.68,-0.67,-0.66,-0.65,-0.64,-0.63,-0.62,-0.61,-0.6,-0.59,-0.58,-0.57,-0.56,-0.55,-0.54,-0.53,-0.52,-0.51,-0.5,-0.49,-0.48,-0.47,-0.46,-0.45,-0.44,-0.43,-0.42,-0.41,-0.4,-0.39,-0.38,-0.37,-0.36,-0.35,-0.34,-0.33,-0.32,-0.31,-0.3,-0.29,-0.28,-0.27,-0.26,-0.25,-0.24,-0.23,-0.22,-0.21,-0.2,-0.19,-0.18,-0.17,-0.16,-0.15,-0.14,-0.13,-0.12,-0.11,-0.1,-0.09,-0.08,-0.07,-0.06,-0.05,-0.04,-0.03,-0.02,-0.01,2.08167E-17,0.01,0.02,0.03,0.04,0.05,0.06,0.07,0.08,0.09,0.1,0.11,0.12,0.13,0.14,0.15,0.16,0.17,0.18,0.19,0.2,0.21,0.22,0.23,0.24,0.25,0.26,0.27,0.28,0.29,0.3,0.31,0.32,0.33,0.34,0.35,0.36,0.37,0.38,0.39,0.4,0.41,0.42,0.43,0.44,0.45,0.46,0.47,0.48,0.49,0.5,0.51,0.52,0.53,0.54,0.55,0.56,0.57,0.58,0.59,0.6,0.61,0.62,0.63,0.64,0.65,0.66,0.67,0.68,0.69,0.7,0.71,0.72,0.73,0.74,0.75,0.76,0.77,0.78,0.79,0.8,0.81,0.82,0.83,0.84,0.85,0.86,0.87,0.88,0.89,0.9,0.91,0.92,0.93,0.94,0.95,0.96,0.97,0.98,0.99,1,1.01,1.02,1.03,1.04,1.05,1.06,1.07,1.08,1.09,1.1,1.11,1.12,1.13,1.14,1.15,1.16,1.17,1.18,1.19,1.2,1.21,1.22,1.23,1.24,1.25,1.26,1.27,1.28,1.29,1.3,1.31,1.32,1.33,1.34,1.35,1.36,1.37,1.38,1.39,1.4,1.41,1.42,1.43,1.44,1.45,1.46,1.47,1.48,1.49,1.5
-1,0.0,0.2,0.4,0.8,1.2,1.7,2.3,2.8,3.5,4.1,4.9,5.6,6.4,7.2,8.0,8.9,9.8,10.8,11.7,12.7,13.7,14.8,15.8,16.9,18.0,19.2,20.3,21.5,22.7,24.0,25.2,26.5,27.8,29.1,30.4,31.8,33.1,34.5,35.9,37.4,38.8,40.3,41.8,43.3,44.8,46.3,47.9,49.4,51.0,52.6,54.3,55.9,57.5,59.2,60.9,62.6,64.3,66.0,67.8,69.5,71.3,73.1,74.9,76.7,78.6,80.4,82.3,84.2,86.0,88.0,89.9,91.8,93.7,95.7,97.7,99.7,101.7,103.7,105.7,107.7,109.8,111.9,113.9,116.0,118.1,120.3,122.4,124.5,126.7,128.8,131.0,133.2,135.4,137.6,139.8,142.1,144.3,146.6,148.9,151.2,153.5,155.8,158.1,160.4,162.7,165.1,167.5,169.8,172.2,174.6,177.0,179.5,181.9,184.3,186.8,189.2,191.7,194.2,196.7,199.2,201.7,204.2,206.8,209.3,211.9,214.5,217.0,219.6,222.2,224.8,227.4,230.1,232.7,235.4,238.0,240.7,243.4,246.1,248.8,251.5,254.2,256.9,259.7,262.4,265.2,267.9,270.7,273.5,276.3,279.1,281.9,284.7,287.6,290.4,293.3,296.1,299.0,301.9,304.8,307.7,310.6,313.5,316.4,319.3,322.3,325.2,328.2,331.2,334.1,337.1,340.1,343.1,346.1,349.2,352.2,355.2,358.3,361.3,364.4,367.5,370.6,373.7,376.8,379.9,383.0,386.1,389.3,392.4,395.6,398.7,401.9,405.1,408.2,411.4,414.6,417.8,421.1,424.3,427.5,430.8,434.0,437.3,440.5,443.8,447.1,450.4,453.7,457.0,460.3,463.6,467.0,470.3,473.7,477.0,480.4,483.8,487.1,490.5,493.9,497.3,500.7,504.1,507.6,511.0,514.4,517.9,521.4,524.8,528.3,531.8,535.3,538.7,542.2,545.8,549.3,552.8,556.3,559.9,563.4,567.0,570.5,574.1,577.7,581.3,584.9,588.5,592.1,595.7,599.3,602.9,606.6
-0.99,-0.2,0.0,0.4,0.7,1.2,1.7,2.2,2.8,3.4,4.1,4.8,5.5,6.3,7.1,8.0,8.9,9.8,10.7,11.7,12.6,13.7,14.7,15.8,16.9,18.0,19.1,20.3,21.5,22.7,23.9,25.2,26.4,27.7,29.0,30.4,31.7,33.1,34.5,35.9,37.3,38.8,40.2,41.7,43.2,44.7,46.3,47.8,49.4,51.0,52.6,54.2,55.8,57.5,59.1,60.8,62.5,64.2,66.0,67.7,69.5,71.3,73.0,74.9,76.7,78.5,80.4,82.2,84.1,86.0,87.9,89.8,91.7,93.7,95.6,97.6,99.6,101.6,103.6,105.6,107.7,109.7,111.8,113.9,116.0,118.1,120.2,122.3,124.5,126.6,128.8,131.0,133.1,135.4,137.6,139.8,142.0,144.3,146.5,148.8,151.1,153.4,155.7,158.0,160.3,162.7,165.0,167.4,169.8,172.2,174.6,177.0,179.4,181.8,184.3,186.7,189.2,191.7,194.1,196.6,199.1,201.7,204.2,206.7,209.3,211.8,214.4,217.0,219.6,222.2,224.8,227.4,230.0,232.7,235.3,238.0,240.6,243.3,246.0,248.7,251.4,254.1,256.9,259.6,262.3,265.1,267.9,270.6,273.4,276.2,279.0,281.8,284.7,287.5,290.3,293.2,296.1,298.9,301.8,304.7,307.6,310.5,313.4,316.3,319.3,322.2,325.2,328.1,331.1,334.1,337.1,340.1,343.1,346.1,349.1,352.1,355.2,358.2,361.3,364.4,367.4,370.5,373.6,376.7,379.8,382.9,386.1,389.2,392.3,395.5,398.7,401.8,405.0,408.2,411.4,414.6,417.8,421.0,424.2,427.5,430.7,434.0,437.2,440.5,443.8,447.0,450.3,453.6,456.9,460.3,463.6,466.9,470.3,473.6,477.0,480.3,483.7,487.1,490.5,493.9,497.3,500.7,504.1,507.5,510.9,514.4,517.8,521.3,524.8,528.2,531.7,535.2,538.7,542.2,545.7,549.2,552.7,556.3,559.8,563.4,566.9,570.5,574.0,577.6,581.2,584.8,588.4,592.0,595.6,599.2,602.9,606.5
-0.98,-0.4,-0.4,0.0,0.6,1.0,1.5,2.1,2.7,3.3,4.0,4.7,5.4,6.2,7.0,7.9,8.7,9.7,10.6,11.5,12.5,13.6,14.6,15.7,16.8,17.9,19.0,20.2,21.4,22.6,23.8,25.0,26.3,27.6,28.9,30.3,31.6,33.0,34.4,35.8,37.2,38.7,40.1,41.6,43.1,44.6,46.2,47.7,49.3,50.9,52.5,54.1,55.7,57.4,59.0,60.7,62.4,64.1,65.9,67.6,69.4,71.1,72.9,74.7,76.6,78.4,80.2,82.1,84.0,85.9,87.8,89.7,91.6,93.6,95.5,97.5,99.5,101.5,103.5,105.5,107.6,109.6,111.7,113.8,115.9,118.0,120.1,122.2,124.4,126.5,128.7,130.9,133.0,135.2,137.5,139.7,141.9,144.2,146.4,148.7,151.0,153.3,155.6,157.9,160.2,162.6,164.9,167.3,169.7,172.1,174.5,176.9,179.3,181.7,184.2,186.6,189.1,191.5,194.0,196.5,199.0,201.5,204.1,206.6,209.2,211.7,214.3,216.9,219.5,222.1,224.7,227.3,229.9,232.5,235.2,237.9,240.5,243.2,245.9,248.6,251.3,254.0,256.8,259.5,262.2,265.0,267.8,270.5,273.3,276.1,278.9,281.7,284.6,287.4,290.2,293.1,296.0,298.8,301.7,304.6,307.5,310.4,313.3,316.2,319.2,322.1,325.1,328.0,331.0,334.0,337.0,340.0,343.0,346.0,349.0,352.0,355.1,358.1,361.2,364.2,367.3,370.4,373.5,376.6,379.7,382.8,386.0,389.1,392.2,395.4,398.5,401.7,404.9,408.1,411.3,414.5,417.7,420.9,424.1,427.4,430.6,433.9,437.1,440.4,443.7,446.9,450.2,453.5,456.8,460.2,463.5,466.8,470.1,473.5,476.9,480.2,483.6,487.0,490.4,493.7,497.1,500.6,504.0,507.4,510.8,514.3,517.7,521.2,524.6,528.1,531.6,535.1,538.6,542.1,545.6,549.1,552.6,556.2,559.7,563.3,566.8,570.4,573.9,577.5,581.1,584.7,588.3,591.9,595.5,599.1,602.8,606.4
-0.97,-0.8,-0.7,-0.6,0.0,0.8,1.3,1.9,2.5,3.1,3.8,4.5,5.3,6.1,6.9,7.7,8.6,9.5,10.4,11.4,12.4,13.4,14.5,15.5,16.6,17.7,18.9,20.0,21.2,22.4,23.7,24.9,26.2,27.5,28.8,30.1,31.5,32.8,34.2,35.6,37.1,38.5,40.0,41.5,43.0,44.5,46.0,47.6,49.1,50.7,52.3,53.9,55.6,57.2,58.9,60.6,62.3,64.0,65.7,67.5,69.2,71.0,72.8,74.6,76.4,78.3,80.1,82.0,83.8,85.7,87.6,89.6,91.5,93.4,95.4,97.4,99.4,101.4,103.4,105.4,107.4,109.5,111.6,113.6,115.7,117.8,119.9,122.1,124.2,126.4,128.5,130.7,132.9,135.1,137.3,139.5,141.8,144.0,146.3,148.6,150.8,153.1,155.5,157.8,160.1,162.4,164.8,167.2,169.5,171.9,174.3,176.7,179.1,181.6,184.0,186.5,188.9,191.4,193.9,196.4,198.9,201.4,203.9,206.5,209.0,211.6,214.1,216.7,219.3,221.9,224.5,227.1,229.8,232.4,235.1,237.7,240.4,243.1,245.8,248.5,251.2,253.9,256.6,259.3,262.1,264.9,267.6,270.4,273.2,276.0,278.8,281.6,284.4,287.3,290.1,292.9,295.8,298.7,301.6,304.4,307.3,310.3,313.2,316.1,319.0,322.0,324.9,327.9,330.9,333.8,336.8,339.8,342.8,345.8,348.9,351.9,354.9,358.0,361.0,364.1,367.2,370.3,373.4,376.5,379.6,382.7,385.8,388.9,392.1,395.2,398.4,401.6,404.8,407.9,411.1,414.3,417.5,420.8,424.0,427.2,430.5,433.7,437.0,440.2,443.5,446.8,450.1,453.4,456.7,460.0,463.3,466.7,470.0,473.4,476.7,480.1,483.4,486.8,490.2,493.6,497.0,500.4,503.8,507.3,510.7,514.1,517.6,521.0,524.5,528.0,531.5,534.9,538.4,541.9,545.5,549.0,552.5,556.0,559.6,563.1,566.7,570.2,573.8,577.4,581.0,584.6,588.2,591.8,595.4,599.0,602.6,606.3
-0.96,-1.2,-1.2,-1.0,-0.8,0.0,1.1,1.7,2.3,2.9,3.6,4.3,5.1,5.9,6.7,7.5,8.4,9.3,10.3,11.2,12.2,13.2,14.3,15.3,16.4,17.6,18.7,19.9,21.0,22.3,23.5,24.7,26.0,27.3,28.6,29.9,31.3,32.7,34.1,35.5,36.9,38.3,39.8,41.3,42.8,44.3,45.8,47.4,49.0,50.6,52.2,53.8,55.4,57.1,58.7,60.4,62.1,63.8,65.6,67.3,69.1,70.8,72.6,74.4,76.3,78.1,79.9,81.8,83.7,85.6,87.5,89.4,91.3,93.3,95.2,97.2,99.2,101.2,103.2,105.2,107.3,109.3,111.4,113.5,115.6,117.7,119.8,121.9,124.0,126.2,128.4,130.5,132.7,134.9,137.1,139.4,141.6,143.9,146.1,148.4,150.7,153.0,155.3,157.6,159.9,162.3,164.6,167.0,169.4,171.8,174.2,176.6,179.0,181.4,183.9,186.3,188.8,191.2,193.7,196.2,198.7,201.2,203.8,206.3,208.9,211.4,214.0,216.6,219.1,221.7,224.4,227.0,229.6,232.2,234.9,237.6,240.2,242.9,245.6,248.3,251.0,253.7,256.4,259.2,261.9,264.7,267.5,270.2,273.0,275.8,278.6,281.4,284.3,287.1,289.9,292.8,295.6,298.5,301.4,304.3,307.2,310.1,313.0,315.9,318.9,321.8,324.8,327.7,330.7,333.7,336.7,339.7,342.7,345.7,348.7,351.7,354.8,357.8,360.9,363.9,367.0,370.1,373.2,376.3,379.4,382.5,385.6,388.8,391.9,395.1,398.2,401.4,404.6,407.8,411.0,414.2,417.4,420.6,423.8,427.1,430.3,433.5,436.8,440.1,443.4,446.6,449.9,453.2,456.5,459.8,463.2,466.5,469.8,473.2,476.5,479.9,483.3,486.7,490.0,493.4,496.8,500.3,503.7,507.1,510.5,514.0,517.4,520.9,524.3,527.8,531.3,534.8,538.3,541.8,545.3,548.8,552.3,555.9,559.4,562.9,566.5,570.1,573.6,577.2,580.8,584.4,588.0,591.6,595.2,598.8,602.5,606.1
-0.95,-1.7,-1.7,-1.5,-1.3,-1.1,0.0,1.3,2.0,2.7,3.4,4.1,4.9,5.7,6.5,7.3,8.2,9.1,10.1,11.0,12.0,13.0,14.1,15.2,16.2,17.4,18.5,19.7,20.9,22.1,23.3,24.5,25.8,27.1,28.4,29.7,31.1,32.5,33.9,35.3,36.7,38.2,39.6,41.1,42.6,44.1,45.7,47.2,48.8,50.4,52.0,53.6,55.2,56.9,58.5,60.2,61.9,63.6,65.4,67.1,68.9,70.7,72.4,74.2,76.1,77.9,79.8,81.6,83.5,85.4,87.3,89.2,91.1,93.1,95.0,97.0,99.0,101.0,103.0,105.0,107.1,109.1,111.2,113.3,115.4,117.5,119.6,121.7,123.9,126.0,128.2,130.4,132.5,134.7,137.0,139.2,141.4,143.7,145.9,148.2,150.5,152.8,155.1,157.4,159.7,162.1,164.4,166.8,169.2,171.6,174.0,176.4,178.8,181.2,183.7,186.1,188.6,191.1,193.5,196.0,198.5,201.1,203.6,206.1,208.7,211.2,213.8,216.4,219.0,221.6,224.2,226.8,229.4,232.1,234.7,237.4,240.0,242.7,245.4,248.1,250.8,253.5,256.3,259.0,261.7,264.5,267.3,270.0,272.8,275.6,278.4,281.2,284.1,286.9,289.7,292.6,295.5,298.3,301.2,304.1,307.0,309.9,312.8,315.7,318.7,321.6,324.6,327.5,330.5,333.5,336.5,339.5,342.5,345.5,348.5,351.5,354.6,357.6,360.7,363.8,366.8,369.9,373.0,376.1,379.2,382.3,385.5,388.6,391.7,394.9,398.1,401.2,404.4,407.6,410.8,414.0,417.2,420.4,423.6,426.9,430.1,433.4,436.6,439.9,443.2,446.4,449.7,453.0,456.3,459.7,463.0,466.3,469.7,473.0,476.4,479.7,483.1,486.5,489.9,493.3,496.7,500.1,503.5,506.9,510.3,513.8,517.2,520.7,524.2,527.6,531.1,534.6,538.1,541.6,545.1,548.6,552.1,555.7,559.2,562.8,566.3,569.9,573.4,577.0,580.6,584.2,587.8,591.4,595.0,598.6,602.3,605.9
-0.94,-2.3,-2.2,-2.1,-1.9,-1.7,-1.3,0.0,1.5,2.3,3.1,3.8,4.6,5.4,6.2,7.1,8.0,8.9,9.8,10.8,11.8,12.8,13.9,14.9,16.0,17.1,18.3,19.4,20.6,21.8,23.1,24.3,25.6,26.9,28.2,29.5,30.9,32.3,33.6,35.1,36.5,37.9,39.4,40.9,42.4,43.9,45.4,47.0,48.6,50.2,51.8,53.4,55.0,56.7,58.3,60.0,61.7,63.4,65.2,66.9,68.7,70.4,72.2,74.0,75.9,77.7,79.5,81.4,83.3,85.2,87.1,89.0,90.9,92.9,94.8,96.8,98.8,100.8,102.8,104.8,106.9,108.9,111.0,113.1,115.2,117.3,119.4,121.5,123.6,125.8,128.0,130.1,132.3,134.5,136.8,139.0,141.2,143.5,145.7,148.0,150.3,152.6,154.9,157.2,159.5,161.9,164.2,166.6,169.0,171.4,173.8,176.2,178.6,181.0,183.5,185.9,188.4,190.8,193.3,195.8,198.3,200.8,203.4,205.9,208.5,211.0,213.6,216.2,218.7,221.3,224.0,226.6,229.2,231.8,234.5,237.2,239.8,242.5,245.2,247.9,250.6,253.3,256.0,258.8,261.5,264.3,267.1,269.8,272.6,275.4,278.2,281.0,283.9,286.7,289.5,292.4,295.2,298.1,301.0,303.9,306.8,309.7,312.6,315.5,318.5,321.4,324.4,327.3,330.3,333.3,336.3,339.3,342.3,345.3,348.3,351.3,354.4,357.4,360.5,363.5,366.6,369.7,372.8,375.9,379.0,382.1,385.3,388.4,391.5,394.7,397.8,401.0,404.2,407.4,410.6,413.8,417.0,420.2,423.4,426.7,429.9,433.2,436.4,439.7,443.0,446.2,449.5,452.8,456.1,459.5,462.8,466.1,469.4,472.8,476.2,479.5,482.9,486.3,489.7,493.0,496.4,499.9,503.3,506.7,510.1,513.6,517.0,520.5,523.9,527.4,530.9,534.4,537.9,541.4,544.9,548.4,551.9,555.5,559.0,562.6,566.1,569.7,573.2,576.8,580.4,584.0,587.6,591.2,594.8,598.4,602.1,605.7
-0.93,-2.8,-2.8,-2.7,-2.5,-2.3,-2.0,-1.5,0.0,1.8,2.7,3.5,4.3,5.1,5.9,6.8,7.7,8.6,9.6,10.5,11.5,12.6,13.6,14.7,15.8,16.9,18.0,19.2,20.4,21.6,22.8,24.1,25.4,26.6,28.0,29.3,30.6,32.0,33.4,34.8,36.3,37.7,39.2,40.6,42.2,43.7,45.2,46.8,48.3,49.9,51.5,53.1,54.8,56.4,58.1,59.8,61.5,63.2,64.9,66.7,68.4,70.2,72.0,73.8,75.6,77.5,79.3,81.2,83.0,84.9,86.8,88.8,90.7,92.6,94.6,96.6,98.6,100.6,102.6,104.6,106.6,108.7,110.8,112.8,114.9,117.0,119.2,121.3,123.4,125.6,127.7,129.9,132.1,134.3,136.5,138.7,141.0,143.2,145.5,147.8,150.1,152.3,154.7,157.0,159.3,161.6,164.0,166.4,168.7,171.1,173.5,175.9,178.4,180.8,183.2,185.7,188.1,190.6,193.1,195.6,198.1,200.6,203.1,205.7,208.2,210.8,213.4,215.9,218.5,221.1,223.7,226.3,229.0,231.6,234.3,236.9,239.6,242.3,245.0,247.7,250.4,253.1,255.8,258.6,261.3,264.1,266.8,269.6,272.4,275.2,278.0,280.8,283.6,286.5,289.3,292.2,295.0,297.9,300.8,303.7,306.6,309.5,312.4,315.3,318.2,321.2,324.1,327.1,330.1,333.0,336.0,339.0,342.0,345.0,348.1,351.1,354.1,357.2,360.3,363.3,366.4,369.5,372.6,375.7,378.8,381.9,385.0,388.2,391.3,394.5,397.6,400.8,404.0,407.1,410.3,413.5,416.8,420.0,423.2,426.4,429.7,432.9,436.2,439.5,442.7,446.0,449.3,452.6,455.9,459.2,462.5,465.9,469.2,472.6,475.9,479.3,482.7,486.0,489.4,492.8,496.2,499.6,503.0,506.5,509.9,513.3,516.8,520.3,523.7,527.2,530.7,534.2,537.7,541.2,544.7,548.2,551.7,555.2,558.8,562.3,565.9,569.4,573.0,576.6,580.2,583.8,587.4,591.0,594.6,598.2,601.8,605.5
-0.92,-3.5,-3.4,-3.3,-3.1,-2.9,-2.7,-2.3,-1.8,0.0,2.1,3.0,3.9,4.7,5.6,6.5,7.4,8.3,9.3,10.2,11.2,12.3,13.3,14.4,15.5,16.6,17.8,18.9,20.1,21.3,22.6,23.8,25.1,26.4,27.7,29.0,30.4,31.8,33.2,34.6,36.0,37.4,38.9,40.4,41.9,43.4,45.0,46.5,48.1,49.7,51.3,52.9,54.5,56.2,57.8,59.5,61.2,62.9,64.7,66.4,68.2,70.0,71.8,73.6,75.4,77.2,79.1,80.9,82.8,84.7,86.6,88.5,90.4,92.4,94.4,96.3,98.3,100.3,102.3,104.4,106.4,108.4,110.5,112.6,114.7,116.8,118.9,121.0,123.2,125.3,127.5,129.7,131.9,134.1,136.3,138.5,140.7,143.0,145.3,147.5,149.8,152.1,154.4,156.7,159.1,161.4,163.8,166.1,168.5,170.9,173.3,175.7,178.1,180.5,183.0,185.4,187.9,190.4,192.9,195.3,197.9,200.4,202.9,205.4,208.0,210.5,213.1,215.7,218.3,220.9,223.5,226.1,228.7,231.4,234.0,236.7,239.4,242.0,244.7,247.4,250.1,252.8,255.6,258.3,261.1,263.8,266.6,269.4,272.1,274.9,277.7,280.6,283.4,286.2,289.1,291.9,294.8,297.6,300.5,303.4,306.3,309.2,312.1,315.1,318.0,320.9,323.9,326.9,329.8,332.8,335.8,338.8,341.8,344.8,347.8,350.9,353.9,357.0,360.0,363.1,366.2,369.2,372.3,375.4,378.5,381.7,384.8,387.9,391.1,394.2,397.4,400.5,403.7,406.9,410.1,413.3,416.5,419.7,423.0,426.2,429.4,432.7,435.9,439.2,442.5,445.8,449.1,452.4,455.7,459.0,462.3,465.6,469.0,472.3,475.7,479.0,482.4,485.8,489.2,492.6,496.0,499.4,502.8,506.2,509.7,513.1,516.6,520.0,523.5,526.9,530.4,533.9,537.4,540.9,544.4,547.9,551.5,555.0,558.5,562.1,565.6,569.2,572.8,576.3,579.9,583.5,587.1,590.7,594.3,598.0,601.6,605.2
-0.91,-4.1,-4.1,-4.0,-3.8,-3.6,-3.4,-3.1,-2.7,-2.1,0.0,2.3,3.3,4.3,5.2,6.1,7.0,8.0,8.9,9.9,10.9,12.0,13.0,14.1,15.2,16.3,17.5,18.6,19.8,21.0,22.3,23.5,24.8,26.1,27.4,28.8,30.1,31.5,32.9,34.3,35.7,37.2,38.6,40.1,41.6,43.1,44.7,46.2,47.8,49.4,51.0,52.6,54.3,55.9,57.6,59.3,61.0,62.7,64.4,66.2,67.9,69.7,71.5,73.3,75.1,76.9,78.8,80.7,82.5,84.4,86.3,88.3,90.2,92.1,94.1,96.1,98.1,100.1,102.1,104.1,106.1,108.2,110.3,112.3,114.4,116.5,118.6,120.8,122.9,125.1,127.2,129.4,131.6,133.8,136.0,138.2,140.5,142.7,145.0,147.3,149.5,151.8,154.1,156.5,158.8,161.1,163.5,165.9,168.2,170.6,173.0,175.4,177.8,180.3,182.7,185.2,187.6,190.1,192.6,195.1,197.6,200.1,202.6,205.2,207.7,210.3,212.8,215.4,218.0,220.6,223.2,225.8,228.5,231.1,233.8,236.4,239.1,241.8,244.5,247.2,249.9,252.6,255.3,258.1,260.8,263.6,266.3,269.1,271.9,274.7,277.5,280.3,283.1,286.0,288.8,291.7,294.5,297.4,300.3,303.2,306.1,309.0,311.9,314.8,317.7,320.7,323.6,326.6,329.6,332.5,335.5,338.5,341.5,344.5,347.6,350.6,353.6,356.7,359.7,362.8,365.9,369.0,372.1,375.2,378.3,381.4,384.5,387.7,390.8,394.0,397.1,400.3,403.5,406.6,409.8,413.0,416.2,419.5,422.7,425.9,429.2,432.4,435.7,438.9,442.2,445.5,448.8,452.1,455.4,458.7,462.0,465.4,468.7,472.1,475.4,478.8,482.2,485.5,488.9,492.3,495.7,499.1,502.5,506.0,509.4,512.8,516.3,519.8,523.2,526.7,530.2,533.7,537.1,540.7,544.2,547.7,551.2,554.7,558.3,561.8,565.4,568.9,572.5,576.1,579.7,583.3,586.9,590.5,594.1,597.7,601.3,605.0
-0.9,-4.9,-4.8,-4.7,-4.5,-4.3,-4.1,-3.8,-3.5,-3.0,-2.3,0.0,2.6,3.7,4.7,5.6,6.6,7.6,8.5,9.5,10.6,11.6,12.7,13.8,14.9,16.0,17.1,18.3,19.5,20.7,22.0,23.2,24.5,25.8,27.1,28.5,29.8,31.2,32.6,34.0,35.4,36.9,38.3,39.8,41.3,42.9,44.4,45.9,47.5,49.1,50.7,52.3,54.0,55.6,57.3,59.0,60.7,62.4,64.1,65.9,67.6,69.4,71.2,73.0,74.8,76.7,78.5,80.4,82.3,84.1,86.1,88.0,89.9,91.8,93.8,95.8,97.8,99.8,101.8,103.8,105.9,107.9,110.0,112.0,114.1,116.2,118.4,120.5,122.6,124.8,127.0,129.1,131.3,133.5,135.7,138.0,140.2,142.4,144.7,147.0,149.3,151.6,153.9,156.2,158.5,160.9,163.2,165.6,168.0,170.3,172.7,175.1,177.6,180.0,182.4,184.9,187.4,189.8,192.3,194.8,197.3,199.8,202.4,204.9,207.4,210.0,212.6,215.2,217.7,220.3,222.9,225.6,228.2,230.8,233.5,236.1,238.8,241.5,244.2,246.9,249.6,252.3,255.0,257.8,260.5,263.3,266.0,268.8,271.6,274.4,277.2,280.0,282.9,285.7,288.5,291.4,294.2,297.1,300.0,302.9,305.8,308.7,311.6,314.5,317.5,320.4,323.4,326.3,329.3,332.3,335.3,338.2,341.3,344.3,347.3,350.3,353.4,356.4,359.5,362.5,365.6,368.7,371.8,374.9,378.0,381.1,384.2,387.4,390.5,393.7,396.8,400.0,403.2,406.4,409.6,412.8,416.0,419.2,422.4,425.7,428.9,432.1,435.4,438.7,441.9,445.2,448.5,451.8,455.1,458.4,461.8,465.1,468.4,471.8,475.1,478.5,481.9,485.3,488.6,492.0,495.4,498.9,502.3,505.7,509.1,512.6,516.0,519.5,522.9,526.4,529.9,533.4,536.9,540.4,543.9,547.4,550.9,554.5,558.0,561.5,565.1,568.7,572.2,575.8,579.4,583.0,586.6,590.2,593.8,597.4,601.1,604.7
-0.89,-5.6,-5.5,-5.4,-5.3,-5.1,-4.9,-4.6,-4.3,-3.9,-3.3,-2.6,0.0,2.8,4.0,5.1,6.1,7.1,8.1,9.1,10.2,11.2,12.3,13.4,14.5,15.6,16.8,18.0,19.2,20.4,21.6,22.9,24.2,25.5,26.8,28.1,29.5,30.9,32.3,33.7,35.1,36.6,38.0,39.5,41.0,42.5,44.1,45.6,47.2,48.8,50.4,52.0,53.7,55.3,57.0,58.7,60.4,62.1,63.8,65.6,67.3,69.1,70.9,72.7,74.5,76.4,78.2,80.1,82.0,83.8,85.8,87.7,89.6,91.6,93.5,95.5,97.5,99.5,101.5,103.5,105.6,107.6,109.7,111.8,113.8,115.9,118.1,120.2,122.3,124.5,126.7,128.8,131.0,133.2,135.4,137.7,139.9,142.2,144.4,146.7,149.0,151.3,153.6,155.9,158.2,160.6,162.9,165.3,167.7,170.1,172.4,174.9,177.3,179.7,182.1,184.6,187.1,189.5,192.0,194.5,197.0,199.5,202.1,204.6,207.2,209.7,212.3,214.9,217.4,220.0,222.7,225.3,227.9,230.5,233.2,235.9,238.5,241.2,243.9,246.6,249.3,252.0,254.7,257.5,260.2,263.0,265.8,268.5,271.3,274.1,276.9,279.7,282.6,285.4,288.2,291.1,293.9,296.8,299.7,302.6,305.5,308.4,311.3,314.2,317.2,320.1,323.1,326.0,329.0,332.0,335.0,338.0,341.0,344.0,347.0,350.0,353.1,356.1,359.2,362.2,365.3,368.4,371.5,374.6,377.7,380.8,384.0,387.1,390.2,393.4,396.5,399.7,402.9,406.1,409.3,412.5,415.7,418.9,422.1,425.4,428.6,431.9,435.1,438.4,441.7,444.9,448.2,451.5,454.8,458.2,461.5,464.8,468.2,471.5,474.9,478.2,481.6,485.0,488.4,491.8,495.2,498.6,502.0,505.4,508.8,512.3,515.7,519.2,522.7,526.1,529.6,533.1,536.6,540.1,543.6,547.1,550.6,554.2,557.7,561.3,564.8,568.4,571.9,575.5,579.1,582.7,586.3,589.9,593.5,597.1,600.8,604.4
-0.88,-6.4,-6.3,-6.2,-6.1,-5.9,-5.7,-5.4,-5.1,-4.7,-4.3,-3.7,-2.8,0.0,3.1,4.4,5.5,6.6,7.6,8.7,9.7,10.8,11.9,13.0,14.1,15.3,16.4,17.6,18.8,20.0,21.3,22.5,23.8,25.1,26.4,27.8,29.1,30.5,31.9,33.3,34.8,36.2,37.7,39.2,40.7,42.2,43.8,45.3,46.9,48.5,50.1,51.7,53.3,55.0,56.7,58.4,60.1,61.8,63.5,65.3,67.0,68.8,70.6,72.4,74.2,76.0,77.9,79.8,81.6,83.5,85.4,87.4,89.3,91.2,93.2,95.2,97.2,99.2,101.2,103.2,105.2,107.3,109.4,111.4,113.5,115.6,117.8,119.9,122.0,124.2,126.3,128.5,130.7,132.9,135.1,137.4,139.6,141.8,144.1,146.4,148.7,151.0,153.3,155.6,157.9,160.3,162.6,165.0,167.4,169.7,172.1,174.6,177.0,179.4,181.8,184.3,186.8,189.2,191.7,194.2,196.7,199.2,201.8,204.3,206.8,209.4,212.0,214.6,217.1,219.7,222.4,225.0,227.6,230.2,232.9,235.5,238.2,240.9,243.6,246.3,249.0,251.7,254.4,257.2,259.9,262.7,265.5,268.2,271.0,273.8,276.6,279.4,282.3,285.1,287.9,290.8,293.6,296.5,299.4,302.3,305.2,308.1,311.0,313.9,316.9,319.8,322.8,325.7,328.7,331.7,334.7,337.7,340.7,343.7,346.7,349.7,352.8,355.8,358.9,361.9,365.0,368.1,371.2,374.3,377.4,380.5,383.7,386.8,389.9,393.1,396.2,399.4,402.6,405.8,409.0,412.2,415.4,418.6,421.8,425.1,428.3,431.6,434.8,438.1,441.4,444.6,447.9,451.2,454.5,457.9,461.2,464.5,467.9,471.2,474.6,477.9,481.3,484.7,488.1,491.4,494.9,498.3,501.7,505.1,508.5,512.0,515.4,518.9,522.3,525.8,529.3,532.8,536.3,539.8,543.3,546.8,550.3,553.9,557.4,561.0,564.5,568.1,571.6,575.2,578.8,582.4,586.0,589.6,593.2,596.8,600.5,604.1
-0.87,-7.2,-7.1,-7.0,-6.9,-6.7,-6.5,-6.2,-5.9,-5.6,-5.2,-4.7,-4.0,-3.1,0.0,3.4,4.7,5.9,7.0,8.1,9.2,10.3,11.4,12.5,13.7,14.8,16.0,17.2,18.4,19.6,20.9,22.2,23.4,24.8,26.1,27.4,28.8,30.2,31.6,33.0,34.4,35.9,37.3,38.8,40.3,41.9,43.4,45.0,46.5,48.1,49.7,51.4,53.0,54.7,56.3,58.0,59.7,61.4,63.2,64.9,66.7,68.5,70.2,72.1,73.9,75.7,77.6,79.4,81.3,83.2,85.1,87.0,89.0,90.9,92.9,94.8,96.8,98.8,100.9,102.9,104.9,107.0,109.0,111.1,113.2,115.3,117.4,119.6,121.7,123.9,126.0,128.2,130.4,132.6,134.8,137.0,139.3,141.5,143.8,146.1,148.3,150.6,152.9,155.3,157.6,159.9,162.3,164.7,167.0,169.4,171.8,174.2,176.6,179.1,181.5,184.0,186.4,188.9,191.4,193.9,196.4,198.9,201.4,204.0,206.5,209.1,211.7,214.2,216.8,219.4,222.0,224.7,227.3,229.9,232.6,235.2,237.9,240.6,243.3,246.0,248.7,251.4,254.1,256.9,259.6,262.4,265.1,267.9,270.7,273.5,276.3,279.1,281.9,284.8,287.6,290.5,293.3,296.2,299.1,302.0,304.9,307.8,310.7,313.6,316.5,319.5,322.4,325.4,328.4,331.4,334.3,337.3,340.3,343.4,346.4,349.4,352.5,355.5,358.6,361.6,364.7,367.8,370.9,374.0,377.1,380.2,383.3,386.5,389.6,392.8,395.9,399.1,402.3,405.5,408.7,411.9,415.1,418.3,421.5,424.7,428.0,431.2,434.5,437.8,441.0,444.3,447.6,450.9,454.2,457.5,460.9,464.2,467.5,470.9,474.2,477.6,481.0,484.4,487.7,491.1,494.5,497.9,501.4,504.8,508.2,511.7,515.1,518.6,522.0,525.5,529.0,532.5,536.0,539.5,543.0,546.5,550.0,553.6,557.1,560.6,564.2,567.8,571.3,574.9,578.5,582.1,585.7,589.3,592.9,596.5,600.1,603.8
-0.86,-8.0,-8.0,-7.9,-7.7,-7.5,-7.3,-7.1,-6.8,-6.5,-6.1,-5.6,-5.1,-4.4,-3.4,0.0,3.6,5.1,6.3,7.5,8.6,9.8,10.9,12.1,13.2,14.4,15.6,16.8,18.0,19.2,20.5,21.8,23.0,24.4,25.7,27.0,28.4,29.8,31.2,32.6,34.0,35.5,37.0,38.5,40.0,41.5,43.0,44.6,46.2,47.8,49.4,51.0,52.6,54.3,56.0,57.7,59.4,61.1,62.8,64.6,66.3,68.1,69.9,71.7,73.5,75.4,77.2,79.1,81.0,82.9,84.8,86.7,88.6,90.6,92.5,94.5,96.5,98.5,100.5,102.5,104.6,106.6,108.7,110.8,112.9,115.0,117.1,119.2,121.4,123.5,125.7,127.9,130.1,132.3,134.5,136.7,138.9,141.2,143.4,145.7,148.0,150.3,152.6,154.9,157.3,159.6,162.0,164.3,166.7,169.1,171.5,173.9,176.3,178.7,181.2,183.6,186.1,188.6,191.1,193.6,196.1,198.6,201.1,203.6,206.2,208.8,211.3,213.9,216.5,219.1,221.7,224.3,226.9,229.6,232.2,234.9,237.6,240.2,242.9,245.6,248.3,251.1,253.8,256.5,259.3,262.0,264.8,267.6,270.4,273.2,276.0,278.8,281.6,284.4,287.3,290.1,293.0,295.9,298.7,301.6,304.5,307.4,310.4,313.3,316.2,319.2,322.1,325.1,328.0,331.0,334.0,337.0,340.0,343.0,346.1,349.1,352.1,355.2,358.2,361.3,364.4,367.5,370.6,373.7,376.8,379.9,383.0,386.1,389.3,392.4,395.6,398.8,401.9,405.1,408.3,411.5,414.7,418.0,421.2,424.4,427.7,430.9,434.2,437.4,440.7,444.0,447.3,450.6,453.9,457.2,460.5,463.9,467.2,470.6,473.9,477.3,480.6,484.0,487.4,490.8,494.2,497.6,501.0,504.5,507.9,511.3,514.8,518.2,521.7,525.2,528.7,532.1,535.6,539.1,542.6,546.2,549.7,553.2,556.8,560.3,563.9,567.4,571.0,574.6,578.2,581.8,585.4,589.0,592.6,596.2,599.8,603.5
-0.85,-8.9,-8.9,-8.7,-8.6,-8.4,-8.2,-8.0,-7.7,-7.4,-7.0,-6.6,-6.1,-5.5,-4.7,-3.6,0.0,3.9,5.5,6.8,8.0,9.2,10.3,11.5,12.7,13.9,15.1,16.3,17.5,18.8,20.0,21.3,22.6,23.9,25.3,26.6,28.0,29.4,30.8,32.2,33.7,35.1,36.6,38.1,39.6,41.1,42.7,44.2,45.8,47.4,49.0,50.6,52.3,53.9,55.6,57.3,59.0,60.7,62.4,64.2,66.0,67.7,69.5,71.3,73.2,75.0,76.9,78.7,80.6,82.5,84.4,86.3,88.3,90.2,92.2,94.1,96.1,98.1,100.2,102.2,104.2,106.3,108.3,110.4,112.5,114.6,116.7,118.9,121.0,123.2,125.3,127.5,129.7,131.9,134.1,136.3,138.6,140.8,143.1,145.4,147.7,150.0,152.3,154.6,156.9,159.3,161.6,164.0,166.4,168.7,171.1,173.5,176.0,178.4,180.8,183.3,185.8,188.2,190.7,193.2,195.7,198.2,200.8,203.3,205.8,208.4,211.0,213.6,216.1,218.7,221.4,224.0,226.6,229.2,231.9,234.6,237.2,239.9,242.6,245.3,248.0,250.7,253.4,256.2,258.9,261.7,264.5,267.2,270.0,272.8,275.6,278.4,281.3,284.1,286.9,289.8,292.7,295.5,298.4,301.3,304.2,307.1,310.0,312.9,315.9,318.8,321.8,324.7,327.7,330.7,333.7,336.7,339.7,342.7,345.7,348.7,351.8,354.8,357.9,361.0,364.0,367.1,370.2,373.3,376.4,379.5,382.7,385.8,388.9,392.1,395.3,398.4,401.6,404.8,408.0,411.2,414.4,417.6,420.8,424.1,427.3,430.6,433.8,437.1,440.4,443.7,446.9,450.2,453.6,456.9,460.2,463.5,466.9,470.2,473.6,476.9,480.3,483.7,487.1,490.5,493.9,497.3,500.7,504.1,507.6,511.0,514.4,517.9,521.4,524.8,528.3,531.8,535.3,538.8,542.3,545.8,549.4,552.9,556.4,560.0,563.5,567.1,570.7,574.2,577.8,581.4,585.0,588.6,592.2,595.9,599.5,603.1
-0.84,-9.8,-9.8,-9.7,-9.5,-9.3,-9.1,-8.9,-8.6,-8.3,-8.0,-7.6,-7.1,-6.6,-5.9,-5.1,-3.9,0.0,4.2,5.8,7.2,8.5,9.7,10.9,12.1,13.3,14.6,15.8,17.0,18.3,19.6,20.9,22.2,23.5,24.8,26.2,27.6,29.0,30.4,31.8,33.2,34.7,36.2,37.7,39.2,40.7,42.3,43.8,45.4,47.0,48.6,50.2,51.9,53.5,55.2,56.9,58.6,60.3,62.1,63.8,65.6,67.4,69.2,71.0,72.8,74.6,76.5,78.3,80.2,82.1,84.0,86.0,87.9,89.8,91.8,93.8,95.8,97.8,99.8,101.8,103.9,105.9,108.0,110.1,112.1,114.3,116.4,118.5,120.6,122.8,125.0,127.1,129.3,131.5,133.8,136.0,138.2,140.5,142.7,145.0,147.3,149.6,151.9,154.2,156.6,158.9,161.2,163.6,166.0,168.4,170.8,173.2,175.6,178.0,180.5,182.9,185.4,187.9,190.4,192.9,195.4,197.9,200.4,202.9,205.5,208.0,210.6,213.2,215.8,218.4,221.0,223.6,226.2,228.9,231.5,234.2,236.9,239.5,242.2,244.9,247.6,250.4,253.1,255.8,258.6,261.3,264.1,266.9,269.7,272.5,275.3,278.1,280.9,283.7,286.6,289.4,292.3,295.2,298.0,300.9,303.8,306.7,309.7,312.6,315.5,318.5,321.4,324.4,327.3,330.3,333.3,336.3,339.3,342.3,345.4,348.4,351.4,354.5,357.5,360.6,363.7,366.8,369.9,373.0,376.1,379.2,382.3,385.4,388.6,391.7,394.9,398.1,401.2,404.4,407.6,410.8,414.0,417.3,420.5,423.7,427.0,430.2,433.5,436.7,440.0,443.3,446.6,449.9,453.2,456.5,459.8,463.2,466.5,469.9,473.2,476.6,479.9,483.3,486.7,490.1,493.5,496.9,500.3,503.8,507.2,510.6,514.1,517.5,521.0,524.5,528.0,531.4,534.9,538.4,542.0,545.5,549.0,552.5,556.1,559.6,563.2,566.7,570.3,573.9,577.5,581.1,584.7,588.3,591.9,595.5,599.1,602.8
-0.83,-10.8,-10.7,-10.6,-10.4,-10.3,-10.1,-9.8,-9.6,-9.3,-8.9,-8.5,-8.1,-7.6,-7.0,-6.3,-5.5,-4.2,0.0,4.5,6.2,7.6,8.9,10.2,11.5,12.7,14.0,15.2,16.5,17.8,19.1,20.4,21.7,23.0,24.4,25.7,27.1,28.5,29.9,31.3,32.8,34.3,35.7,37.2,38.8,40.3,41.8,43.4,45.0,46.6,48.2,49.8,51.5,53.1,54.8,56.5,58.2,59.9,61.7,63.4,65.2,67.0,68.8,70.6,72.4,74.2,76.1,78.0,79.8,81.7,83.6,85.6,87.5,89.5,91.4,93.4,95.4,97.4,99.4,101.4,103.5,105.5,107.6,109.7,111.8,113.9,116.0,118.1,120.3,122.4,124.6,126.8,129.0,131.2,133.4,135.6,137.8,140.1,142.4,144.6,146.9,149.2,151.5,153.8,156.2,158.5,160.9,163.2,165.6,168.0,170.4,172.8,175.2,177.7,180.1,182.6,185.0,187.5,190.0,192.5,195.0,197.5,200.0,202.6,205.1,207.7,210.2,212.8,215.4,218.0,220.6,223.2,225.9,228.5,231.2,233.8,236.5,239.2,241.9,244.6,247.3,250.0,252.7,255.5,258.2,261.0,263.7,266.5,269.3,272.1,274.9,277.7,280.5,283.4,286.2,289.1,291.9,294.8,297.7,300.6,303.5,306.4,309.3,312.2,315.2,318.1,321.0,324.0,327.0,330.0,332.9,335.9,339.0,342.0,345.0,348.0,351.1,354.1,357.2,360.2,363.3,366.4,369.5,372.6,375.7,378.8,381.9,385.1,388.2,391.4,394.5,397.7,400.9,404.1,407.3,410.5,413.7,416.9,420.1,423.4,426.6,429.8,433.1,436.4,439.7,442.9,446.2,449.5,452.8,456.2,459.5,462.8,466.1,469.5,472.8,476.2,479.6,483.0,486.4,489.7,493.1,496.6,500.0,503.4,506.8,510.3,513.7,517.2,520.6,524.1,527.6,531.1,534.6,538.1,541.6,545.1,548.6,552.2,555.7,559.3,562.8,566.4,569.9,573.5,577.1,580.7,584.3,587.9,591.5,595.1,598.8,602.4
-0.82,-11.7,-11.7,-11.5,-11.4,-11.2,-11.0,-10.8,-10.5,-10.2,-9.9,-9.5,-9.1,-8.7,-8.1,-7.5,-6.8,-5.8,-4.5,0.0,4.8,6.5,8.0,9.4,10.8,12.0,13.3,14.6,15.9,17.2,18.5,19.8,21.2,22.5,23.9,25.2,26.6,28.0,29.4,30.9,32.3,33.8,35.3,36.8,38.3,39.8,41.4,43.0,44.6,46.2,47.8,49.4,51.0,52.7,54.4,56.1,57.8,59.5,61.3,63.0,64.8,66.6,68.4,70.2,72.0,73.8,75.7,77.6,79.4,81.3,83.2,85.2,87.1,89.1,91.0,93.0,95.0,97.0,99.0,101.0,103.1,105.1,107.2,109.3,111.4,113.5,115.6,117.7,119.9,122.0,124.2,126.4,128.6,130.8,133.0,135.2,137.5,139.7,142.0,144.2,146.5,148.8,151.1,153.5,155.8,158.1,160.5,162.9,165.2,167.6,170.0,172.4,174.8,177.3,179.7,182.2,184.6,187.1,189.6,192.1,194.6,197.1,199.6,202.2,204.7,207.3,209.9,212.4,215.0,217.6,220.2,222.9,225.5,228.1,230.8,233.4,236.1,238.8,241.5,244.2,246.9,249.6,252.3,255.1,257.8,260.6,263.4,266.1,268.9,271.7,274.5,277.3,280.2,283.0,285.8,288.7,291.5,294.4,297.3,300.2,303.1,306.0,308.9,311.8,314.8,317.7,320.7,323.6,326.6,329.6,332.6,335.6,338.6,341.6,344.6,347.6,350.7,353.7,356.8,359.9,362.9,366.0,369.1,372.2,375.3,378.4,381.6,384.7,387.8,391.0,394.2,397.3,400.5,403.7,406.9,410.1,413.3,416.5,419.7,423.0,426.2,429.5,432.7,436.0,439.3,442.6,445.9,449.2,452.5,455.8,459.1,462.4,465.8,469.1,472.5,475.8,479.2,482.6,486.0,489.4,492.8,496.2,499.6,503.0,506.5,509.9,513.4,516.8,520.3,523.7,527.2,530.7,534.2,537.7,541.2,544.7,548.3,551.8,555.3,558.9,562.4,566.0,569.6,573.1,576.7,580.3,583.9,587.5,591.1,594.8,598.4,602.0
-0.81,-12.7,-12.6,-12.5,-12.4,-12.2,-12.0,-11.8,-11.5,-11.2,-10.9,-10.6,-10.2,-9.7,-9.2,-8.6,-8.0,-7.2,-6.2,-4.8,0.0,5.0,6.9,8.5,9.9,11.3,12.6,13.9,15.3,16.6,17.9,19.2,20.6,21.9,23.3,24.7,26.1,27.5,28.9,30.4,31.8,33.3,34.8,36.3,37.8,39.4,40.9,42.5,44.1,45.7,47.3,49.0,50.6,52.3,53.9,55.6,57.4,59.1,60.8,62.6,64.3,66.1,67.9,69.7,71.6,73.4,75.3,77.1,79.0,80.9,82.8,84.7,86.7,88.6,90.6,92.6,94.6,96.6,98.6,100.6,102.7,104.7,106.8,108.9,111.0,113.1,115.2,117.3,119.5,121.6,123.8,126.0,128.2,130.4,132.6,134.8,137.1,139.3,141.6,143.8,146.1,148.4,150.7,153.1,155.4,157.7,160.1,162.5,164.8,167.2,169.6,172.0,174.4,176.9,179.3,181.8,184.2,186.7,189.2,191.7,194.2,196.7,199.3,201.8,204.3,206.9,209.5,212.0,214.6,217.2,219.8,222.5,225.1,227.7,230.4,233.1,235.7,238.4,241.1,243.8,246.5,249.2,251.9,254.7,257.4,260.2,263.0,265.7,268.5,271.3,274.1,276.9,279.8,282.6,285.4,288.3,291.2,294.0,296.9,299.8,302.7,305.6,308.5,311.4,314.4,317.3,320.3,323.2,326.2,329.2,332.2,335.2,338.2,341.2,344.2,347.3,350.3,353.3,356.4,359.5,362.5,365.6,368.7,371.8,374.9,378.1,381.2,384.3,387.5,390.6,393.8,396.9,400.1,403.3,406.5,409.7,412.9,416.1,419.4,422.6,425.8,429.1,432.3,435.6,438.9,442.2,445.5,448.8,452.1,455.4,458.7,462.0,465.4,468.7,472.1,475.4,478.8,482.2,485.6,489.0,492.4,495.8,499.2,502.6,506.1,509.5,513.0,516.4,519.9,523.4,526.8,530.3,533.8,537.3,540.8,544.3,547.9,551.4,554.9,558.5,562.0,565.6,569.2,572.8,576.3,579.9,583.5,587.1,590.8,594.4,598.0,601.6
-0.8,-13.7,-13.7,-13.6,-13.4,-13.2,-13.0,-12.8,-12.6,-12.3,-12.0,-11.6,-11.2,-10.8,-10.3,-9.8,-9.2,-8.5,-7.6,-6.5,-5.0,0.0,5.3,7.3,8.9,10.4,11.8,13.2,14.6,15.9,17.3,18.6,20.0,21.4,22.8,24.1,25.6,27.0,28.4,29.9,31.3,32.8,34.3,35.8,37.4,38.9,40.5,42.0,43.6,45.2,46.9,48.5,50.1,51.8,53.5,55.2,56.9,58.6,60.4,62.1,63.9,65.7,67.5,69.3,71.1,73.0,74.8,76.7,78.6,80.5,82.4,84.3,86.3,88.2,90.2,92.2,94.1,96.1,98.2,100.2,102.2,104.3,106.4,108.4,110.5,112.7,114.8,116.9,119.0,121.2,123.4,125.6,127.7,130.0,132.2,134.4,136.6,138.9,141.2,143.4,145.7,148.0,150.3,152.6,155.0,157.3,159.7,162.0,164.4,166.8,169.2,171.6,174.0,176.5,178.9,181.4,183.8,186.3,188.8,191.3,193.8,196.3,198.8,201.4,203.9,206.5,209.1,211.6,214.2,216.8,219.4,222.1,224.7,227.3,230.0,232.6,235.3,238.0,240.7,243.4,246.1,248.8,251.5,254.3,257.0,259.8,262.6,265.3,268.1,270.9,273.7,276.5,279.4,282.2,285.0,287.9,290.8,293.6,296.5,299.4,302.3,305.2,308.1,311.0,314.0,316.9,319.9,322.8,325.8,328.8,331.8,334.8,337.8,340.8,343.8,346.9,349.9,352.9,356.0,359.1,362.1,365.2,368.3,371.4,374.5,377.7,380.8,383.9,387.1,390.2,393.4,396.5,399.7,402.9,406.1,409.3,412.5,415.7,419.0,422.2,425.4,428.7,431.9,435.2,438.5,441.8,445.1,448.4,451.7,455.0,458.3,461.6,465.0,468.3,471.7,475.1,478.4,481.8,485.2,488.6,492.0,495.4,498.8,502.2,505.7,509.1,512.6,516.0,519.5,523.0,526.4,529.9,533.4,536.9,540.4,544.0,547.5,551.0,554.5,558.1,561.7,565.2,568.8,572.4,575.9,579.5,583.1,586.7,590.4,594.0,597.6,601.2
-0.79,-14.8,-14.7,-14.6,-14.5,-14.3,-14.1,-13.9,-13.6,-13.3,-13.0,-12.7,-12.3,-11.9,-11.4,-10.9,-10.3,-9.7,-8.9,-8.0,-6.9,-5.3,0.0,5.6,7.7,9.4,10.9,12.4,13.8,15.2,16.6,18.0,19.3,20.7,22.1,23.6,25.0,26.4,27.9,29.3,30.8,32.3,33.8,35.3,36.8,38.4,40.0,41.5,43.1,44.7,46.4,48.0,49.7,51.3,53.0,54.7,56.4,58.2,59.9,61.7,63.4,65.2,67.0,68.8,70.7,72.5,74.4,76.2,78.1,80.0,81.9,83.9,85.8,87.8,89.7,91.7,93.7,95.7,97.7,99.8,101.8,103.9,105.9,108.0,110.1,112.2,114.3,116.5,118.6,120.8,122.9,125.1,127.3,129.5,131.7,134.0,136.2,138.5,140.7,143.0,145.3,147.6,149.9,152.2,154.6,156.9,159.3,161.6,164.0,166.4,168.8,171.2,173.6,176.0,178.5,180.9,183.4,185.9,188.4,190.9,193.4,195.9,198.4,201.0,203.5,206.1,208.6,211.2,213.8,216.4,219.0,221.6,224.3,226.9,229.6,232.2,234.9,237.6,240.3,243.0,245.7,248.4,251.1,253.9,256.6,259.4,262.1,264.9,267.7,270.5,273.3,276.1,279.0,281.8,284.6,287.5,290.3,293.2,296.1,299.0,301.9,304.8,307.7,310.6,313.6,316.5,319.5,322.4,325.4,328.4,331.4,334.4,337.4,340.4,343.4,346.4,349.5,352.5,355.6,358.7,361.7,364.8,367.9,371.0,374.1,377.2,380.4,383.5,386.6,389.8,393.0,396.1,399.3,402.5,405.7,408.9,412.1,415.3,418.5,421.8,425.0,428.3,431.5,434.8,438.1,441.4,444.7,448.0,451.3,454.6,457.9,461.2,464.6,467.9,471.3,474.6,478.0,481.4,484.8,488.2,491.6,495.0,498.4,501.8,505.3,508.7,512.2,515.6,519.1,522.6,526.0,529.5,533.0,536.5,540.0,543.5,547.1,550.6,554.1,557.7,561.2,564.8,568.4,572.0,575.5,579.1,582.7,586.3,589.9,593.6,597.2,600.8
-0.78,-15.8,-15.8,-15.7,-15.5,-15.3,-15.2,-14.9,-14.7,-14.4,-14.1,-13.8,-13.4,-13.0,-12.5,-12.1,-11.5,-10.9,-10.2,-9.4,-8.5,-7.3,-5.6,0.0,5.9,8.0,9.8,11.4,12.9,14.4,15.8,17.2,18.7,20.1,21.5,22.9,24.4,25.8,27.3,28.7,30.2,31.7,33.2,34.8,36.3,37.9,39.4,41.0,42.6,44.2,45.9,47.5,49.2,50.8,52.5,54.2,55.9,57.7,59.4,61.2,63.0,64.7,66.5,68.4,70.2,72.0,73.9,75.8,77.7,79.6,81.5,83.4,85.3,87.3,89.3,91.3,93.2,95.3,97.3,99.3,101.4,103.4,105.5,107.6,109.7,111.8,113.9,116.0,118.2,120.3,122.5,124.7,126.9,129.1,131.3,133.5,135.8,138.0,140.3,142.6,144.8,147.1,149.5,151.8,154.1,156.5,158.8,161.2,163.6,165.9,168.4,170.8,173.2,175.6,178.1,180.5,183.0,185.5,187.9,190.4,192.9,195.5,198.0,200.5,203.1,205.6,208.2,210.8,213.4,216.0,218.6,221.2,223.8,226.5,229.1,231.8,234.5,237.2,239.8,242.5,245.3,248.0,250.7,253.4,256.2,258.9,261.7,264.5,267.3,270.1,272.9,275.7,278.5,281.4,284.2,287.1,289.9,292.8,295.7,298.6,301.5,304.4,307.3,310.2,313.1,316.1,319.0,322.0,325.0,328.0,330.9,333.9,336.9,340.0,343.0,346.0,349.1,352.1,355.2,358.2,361.3,364.4,367.5,370.6,373.7,376.8,379.9,383.1,386.2,389.4,392.5,395.7,398.9,402.1,405.3,408.5,411.7,414.9,418.1,421.4,424.6,427.9,431.1,434.4,437.7,440.9,444.2,447.5,450.8,454.2,457.5,460.8,464.2,467.5,470.9,474.2,477.6,481.0,484.4,487.8,491.2,494.6,498.0,501.4,504.8,508.3,511.7,515.2,518.7,522.1,525.6,529.1,532.6,536.1,539.6,543.1,546.7,550.2,553.7,557.3,560.8,564.4,568.0,571.5,575.1,578.7,582.3,585.9,589.5,593.2,596.8,600.4
-0.77,-16.9,-16.9,-16.8,-16.6,-16.4,-16.2,-16.0,-15.8,-15.5,-15.2,-14.9,-14.5,-14.1,-13.7,-13.2,-12.7,-12.1,-11.5,-10.8,-9.9,-8.9,-7.7,-5.9,0.0,6.2,8.4,10.2,11.9,13.4,15.0,16.4,17.9,19.3,20.8,22.2,23.7,25.2,26.6,28.1,29.6,31.1,32.7,34.2,35.7,37.3,38.9,40.5,42.1,43.7,45.3,47.0,48.6,50.3,52.0,53.7,55.4,57.2,58.9,60.7,62.5,64.3,66.1,67.9,69.7,71.6,73.4,75.3,77.2,79.1,81.0,82.9,84.9,86.8,88.8,90.8,92.8,94.8,96.8,98.8,100.9,102.9,105.0,107.1,109.2,111.3,113.4,115.6,117.7,119.9,122.0,124.2,126.4,128.6,130.8,133.1,135.3,137.6,139.8,142.1,144.4,146.7,149.0,151.3,153.7,156.0,158.4,160.7,163.1,165.5,167.9,170.3,172.7,175.2,177.6,180.1,182.5,185.0,187.5,190.0,192.5,195.0,197.6,200.1,202.6,205.2,207.8,210.4,212.9,215.5,218.2,220.8,223.4,226.0,228.7,231.4,234.0,236.7,239.4,242.1,244.8,247.5,250.3,253.0,255.8,258.5,261.3,264.1,266.8,269.6,272.4,275.3,278.1,280.9,283.8,286.6,289.5,292.4,295.2,298.1,301.0,303.9,306.8,309.8,312.7,315.7,318.6,321.6,324.5,327.5,330.5,333.5,336.5,339.5,342.6,345.6,348.6,351.7,354.7,357.8,360.9,364.0,367.1,370.2,373.3,376.4,379.5,382.7,385.8,388.9,392.1,395.3,398.5,401.6,404.8,408.0,411.2,414.5,417.7,420.9,424.2,427.4,430.7,434.0,437.2,440.5,443.8,447.1,450.4,453.7,457.1,460.4,463.7,467.1,470.4,473.8,477.2,480.5,483.9,487.3,490.7,494.1,497.6,501.0,504.4,507.9,511.3,514.8,518.2,521.7,525.2,528.7,532.2,535.7,539.2,542.7,546.2,549.8,553.3,556.8,560.4,564.0,567.5,571.1,574.7,578.3,581.9,585.5,589.1,592.7,596.4,600.0
-0.76,-18.0,-18.0,-17.9,-17.7,-17.6,-17.4,-17.1,-16.9,-16.6,-16.3,-16.0,-15.6,-15.3,-14.8,-14.4,-13.9,-13.3,-12.7,-12.0,-11.3,-10.4,-9.4,-8.0,-6.2,0.0,6.5,8.8,10.7,12.4,14.0,15.5,17.1,18.6,20.0,21.5,23.0,24.5,26.0,27.5,29.0,30.5,32.1,33.6,35.2,36.7,38.3,39.9,41.5,43.1,44.8,46.4,48.1,49.8,51.5,53.2,54.9,56.6,58.4,60.2,61.9,63.7,65.6,67.4,69.2,71.1,72.9,74.8,76.7,78.6,80.5,82.4,84.4,86.3,88.3,90.3,92.3,94.3,96.3,98.4,100.4,102.5,104.5,106.6,108.7,110.8,113.0,115.1,117.2,119.4,121.6,123.8,125.9,128.2,130.4,132.6,134.8,137.1,139.4,141.6,143.9,146.2,148.5,150.9,153.2,155.6,157.9,160.3,162.7,165.0,167.4,169.9,172.3,174.7,177.2,179.6,182.1,184.6,187.0,189.5,192.0,194.6,197.1,199.6,202.2,204.7,207.3,209.9,212.5,215.1,217.7,220.3,223.0,225.6,228.2,230.9,233.6,236.3,239.0,241.7,244.4,247.1,249.8,252.6,255.3,258.1,260.8,263.6,266.4,269.2,272.0,274.8,277.6,280.5,283.3,286.2,289.0,291.9,294.8,297.7,300.6,303.5,306.4,309.3,312.3,315.2,318.2,321.1,324.1,327.1,330.1,333.1,336.1,339.1,342.1,345.1,348.2,351.2,354.3,357.4,360.4,363.5,366.6,369.7,372.8,375.9,379.1,382.2,385.4,388.5,391.7,394.8,398.0,401.2,404.4,407.6,410.8,414.0,417.3,420.5,423.7,427.0,430.2,433.5,436.8,440.1,443.4,446.7,450.0,453.3,456.6,459.9,463.3,466.6,470.0,473.4,476.7,480.1,483.5,486.9,490.3,493.7,497.1,500.5,504.0,507.4,510.9,514.3,517.8,521.3,524.7,528.2,531.7,535.2,538.7,542.3,545.8,549.3,552.9,556.4,560.0,563.5,567.1,570.7,574.3,577.8,581.4,585.1,588.7,592.3,595.9,599.6
-0.75,-19.2,-19.1,-19.0,-18.9,-18.7,-18.5,-18.3,-18.0,-17.8,-17.5,-17.1,-16.8,-16.4,-16.0,-15.6,-15.1,-14.6,-14.0,-13.3,-12.6,-11.8,-10.9,-9.8,-8.4,-6.5,0.0,6.8,9.2,11.1,12.9,14.5,16.1,17.7,19.2,20.7,22.2,23.8,25.3,26.8,28.3,29.9,31.4,33.0,34.5,36.1,37.7,39.3,40.9,42.6,44.2,45.9,47.5,49.2,50.9,52.6,54.4,56.1,57.9,59.6,61.4,63.2,65.0,66.8,68.7,70.5,72.4,74.3,76.2,78.1,80.0,81.9,83.9,85.8,87.8,89.8,91.8,93.8,95.8,97.9,99.9,102.0,104.1,106.1,108.2,110.3,112.5,114.6,116.8,118.9,121.1,123.3,125.5,127.7,129.9,132.1,134.4,136.6,138.9,141.2,143.5,145.8,148.1,150.4,152.7,155.1,157.4,159.8,162.2,164.6,167.0,169.4,171.8,174.2,176.7,179.1,181.6,184.1,186.6,189.1,191.6,194.1,196.6,199.2,201.7,204.3,206.9,209.4,212.0,214.6,217.2,219.9,222.5,225.1,227.8,230.4,233.1,235.8,238.5,241.2,243.9,246.6,249.4,252.1,254.8,257.6,260.4,263.2,265.9,268.7,271.5,274.4,277.2,280.0,282.9,285.7,288.6,291.5,294.3,297.2,300.1,303.0,305.9,308.9,311.8,314.8,317.7,320.7,323.6,326.6,329.6,332.6,335.6,338.6,341.7,344.7,347.7,350.8,353.8,356.9,360.0,363.1,366.2,369.3,372.4,375.5,378.6,381.8,384.9,388.1,391.2,394.4,397.6,400.7,403.9,407.1,410.4,413.6,416.8,420.0,423.3,426.5,429.8,433.1,436.3,439.6,442.9,446.2,449.5,452.8,456.2,459.5,462.8,466.2,469.5,472.9,476.3,479.7,483.0,486.4,489.8,493.3,496.7,500.1,503.5,507.0,510.4,513.9,517.3,520.8,524.3,527.8,531.3,534.8,538.3,541.8,545.3,548.9,552.4,556.0,559.5,563.1,566.6,570.2,573.8,577.4,581.0,584.6,588.2,591.8,595.5,599.1
